0.946689 0.448942 0.438974 0.125470 0.191401 0.171953 0.028459 0.011029 0.021298 0.027584 0.011385 0.006134 0.004232 0.004446 0.012029 0.007236 0.027613 0.017788 0.055156 0.011131 0.012369 0.038026 0.026208 0.114104 0.012810 0.042955 0.007865 0.010391 0.010790
0.448942 0.997000 0.769791 0.683472 0.340230 0.288250 0.032843 0.008641 0.014537 0.025422 0.015033 0.005429 0.003189 0.004587 0.007796 0.004010 0.015212 0.009499 0.069779 0.006836 0.012858 0.077876 0.030341 0.156594 0.007530 0.038939 0.004246 0.005082 0.004954
0.438974 0.769791 0.999061 0.819093 0.692648 0.567092 0.152018 0.033598 0.044525 0.115687 0.042761 0.010527 0.006546 0.007330 0.021460 0.013297 0.121163 0.058455 0.285198 0.033285 0.033271 0.128672 0.147920 0.506046 0.101814 0.225419 0.015654 0.014356 0.007546
0.125470 0.683472 0.819093 0.996507 0.767210 0.588206 0.143462 0.025333 0.017256 0.033632 0.012552 0.003418 0.002170 0.002531 0.004337 0.004672 0.021762 0.007271 0.048884 0.004365 0.006135 0.058906 0.036991 0.160448 0.005701 0.021684 0.001228 0.001207 0.001512
0.191401 0.340230 0.692648 0.767210 0.997982 0.639405 0.344194 0.032384 0.036691 0.033916 0.015679 0.003427 0.002233 0.002220 0.004839 0.003722 0.014843 0.005408 0.032251 0.002002 0.002116 0.018453 0.038971 0.204840 0.007541 0.038193 0.002219 0.001688 0.001868
0.171953 0.288250 0.567092 0.588206 0.639405 0.995982 0.570741 0.443156 0.262155 0.470291 0.127085 0.021890 0.012620 0.012548 0.059273 0.027211 0.143984 0.038928 0.132664 0.005866 0.002601 0.009842 0.038699 0.521150 0.076102 0.408460 0.017039 0.012754 0.006679
0.028459 0.032843 0.152018 0.143462 0.344194 0.570741 0.994530 0.599410 0.716864 0.552690 0.247452 0.022128 0.015603 0.014785 0.054788 0.037411 0.093059 0.023034 0.039222 0.002654 0.001257 0.003227 0.007213 0.204516 0.021869 0.248162 0.010660 0.013954 0.007694
0.011029 0.008641 0.033598 0.025333 0.032384 0.443156 0.599410 0.990328 0.733865 0.672763 0.378321 0.168205 0.038086 0.035739 0.062907 0.034672 0.038284 0.006095 0.004174 0.000431 0.000191 0.000544 0.000804 0.015904 0.002011 0.024343 0.002446 0.003402 0.005768
0.021298 0.014537 0.044525 0.017256 0.036691 0.262155 0.716864 0.733865 0.995009 0.747296 0.633734 0.276478 0.146203 0.037484 0.100364 0.029602 0.049121 0.009162 0.005517 0.000648 0.000250 0.000379 0.001025 0.031085 0.004240 0.196906 0.010286 0.030234 0.018906
0.027584 0.025422 0.115687 0.033632 0.033916 0.470291 0.552690 0.672763 0.747296 0.995041 0.726466 0.624244 0.297739 0.131077 0.263802 0.067748 0.104318 0.022223 0.017436 0.001033 0.000273 0.000477 0.001376 0.091956 0.021718 0.527002 0.053232 0.078918 0.056605
0.011385 0.015033 0.042761 0.012552 0.015679 0.127085 0.247452 0.378321 0.633734 0.726466 0.991143 0.663965 0.467387 0.152882 0.225216 0.030681 0.018751 0.006179 0.004096 0.000406 0.000114 0.000116 0.000236 0.007619 0.001492 0.080849 0.005338 0.025626 0.041917
0.006134 0.005429 0.010527 0.003418 0.003427 0.021890 0.022128 0.168205 0.276478 0.624244 0.663965 0.975174 0.669092 0.571981 0.348562 0.062588 0.014851 0.003474 0.000943 0.000296 0.000096 0.000080 0.000153 0.001521 0.000630 0.037349 0.003891 0.033065 0.065269
0.004232 0.003189 0.006546 0.002170 0.002233 0.012620 0.015603 0.038086 0.146203 0.297739 0.467387 0.669092 0.985081 0.727536 0.685779 0.092366 0.022179 0.003234 0.001194 0.000366 0.000064 0.000073 0.000126 0.001589 0.000683 0.044976 0.006738 0.147774 0.305674
0.004446 0.004587 0.007330 0.002531 0.002220 0.012548 0.014785 0.035739 0.037484 0.131077 0.152882 0.571981 0.727536 0.982495 0.720145 0.496679 0.032955 0.004943 0.000501 0.000507 0.000062 0.000055 0.000124 0.000514 0.000831 0.020677 0.027610 0.566613 0.691482
0.012029 0.007796 0.021460 0.004337 0.004839 0.059273 0.054788 0.062907 0.100364 0.263802 0.225216 0.348562 0.685779 0.720145 0.988084 0.706822 0.598290 0.046692 0.002239 0.000741 0.000146 0.000192 0.000198 0.008649 0.015379 0.909059 0.874012 0.815605 0.689059
0.007236 0.004010 0.013297 0.004672 0.003722 0.027211 0.037411 0.034672 0.029602 0.067748 0.030681 0.062588 0.092366 0.496679 0.706822 0.988391 0.550474 0.674482 0.006051 0.001021 0.000153 0.000213 0.000224 0.004714 0.035434 0.857496 0.882382 0.364073 0.527692
0.027613 0.015212 0.121163 0.021762 0.014843 0.143984 0.093059 0.038284 0.049121 0.104318 0.018751 0.014851 0.022179 0.032955 0.598290 0.550474 0.992237 0.621803 0.620184 0.004048 0.000257 0.000719 0.002906 0.936391 0.872390 0.914490 0.572472 0.009588 0.010989
0.017788 0.009499 0.058455 0.007271 0.005408 0.038928 0.023034 0.006095 0.009162 0.022223 0.006179 0.003474 0.003234 0.004943 0.046692 0.674482 0.621803 0.970579 0.749850 0.851221 0.001749 0.001268 0.019648 0.873999 0.929112 0.620325 0.761117 0.004721 0.004540
0.055156 0.069779 0.285198 0.048884 0.032251 0.132664 0.039222 0.004174 0.005517 0.017436 0.004096 0.000943 0.001194 0.000501 0.002239 0.006051 0.620184 0.749850 0.997312 0.783839 0.458172 0.717199 0.905999 0.945384 0.720659 0.010301 0.002346 0.000164 0.000330
0.011131 0.006836 0.033285 0.004365 0.002002 0.005866 0.002654 0.000431 0.000648 0.001033 0.000406 0.000296 0.000366 0.000507 0.000741 0.001021 0.004048 0.851221 0.783839 0.997703 0.717649 0.377287 0.844699 0.340686 0.867048 0.002382 0.008396 0.000157 0.000461
0.012369 0.012858 0.033271 0.006135 0.002116 0.002601 0.001257 0.000191 0.000250 0.000273 0.000114 0.000096 0.000064 0.000062 0.000146 0.000153 0.000257 0.001749 0.458172 0.717649 0.954792 0.720791 0.858338 0.009623 0.034754 0.000133 0.000116 0.000022 0.000069
0.038026 0.077876 0.128672 0.058906 0.018453 0.009842 0.003227 0.000544 0.000379 0.000477 0.000116 0.000080 0.000073 0.000055 0.000192 0.000213 0.000719 0.001268 0.717199 0.377287 0.720791 0.931797 0.617481 0.116766 0.001650 0.000103 0.000068 0.000012 0.000057
0.026208 0.030341 0.147920 0.036991 0.038971 0.038699 0.007213 0.000804 0.001025 0.001376 0.000236 0.000153 0.000126 0.000124 0.000198 0.000224 0.002906 0.019648 0.905999 0.844699 0.858338 0.617481 0.998583 0.846294 0.943154 0.001597 0.000353 0.000041 0.000219
0.114104 0.156594 0.506046 0.160448 0.204840 0.521150 0.204516 0.015904 0.031085 0.091956 0.007619 0.001521 0.001589 0.000514 0.008649 0.004714 0.936391 0.873999 0.945384 0.340686 0.009623 0.116766 0.846294 0.990738 0.801982 0.862222 0.001921 0.000209 0.000421
0.012810 0.007530 0.101814 0.005701 0.007541 0.076102 0.021869 0.002011 0.004240 0.021718 0.001492 0.000630 0.000683 0.000831 0.015379 0.035434 0.872390 0.929112 0.720659 0.867048 0.034754 0.001650 0.943154 0.801982 0.997429 0.855735 0.910442 0.002068 0.001808
0.042955 0.038939 0.225419 0.021684 0.038193 0.408460 0.248162 0.024343 0.196906 0.527002 0.080849 0.037349 0.044976 0.020677 0.909059 0.857496 0.914490 0.620325 0.010301 0.002382 0.000133 0.000103 0.001597 0.862222 0.855735 0.999262 0.781724 0.478572 0.019717
0.007865 0.004246 0.015654 0.001228 0.002219 0.017039 0.010660 0.002446 0.010286 0.053232 0.005338 0.003891 0.006738 0.027610 0.874012 0.882382 0.572472 0.761117 0.002346 0.008396 0.000116 0.000068 0.000353 0.001921 0.910442 0.781724 0.998986 0.745206 0.379649
0.010391 0.005082 0.014356 0.001207 0.001688 0.012754 0.013954 0.003402 0.030234 0.078918 0.025626 0.033065 0.147774 0.566613 0.815605 0.364073 0.009588 0.004721 0.000164 0.000157 0.000022 0.000012 0.000041 0.000209 0.002068 0.478572 0.745206 0.997064 0.316852
0.010790 0.004954 0.007546 0.001512 0.001868 0.006679 0.007694 0.005768 0.018906 0.056605 0.041917 0.065269 0.305674 0.691482 0.689059 0.527692 0.010989 0.004540 0.000330 0.000461 0.000069 0.000057 0.000219 0.000421 0.001808 0.019717 0.379649 0.316852 0.805101
