# PSIPRED VFORMAT (PSIPRED V4.0)

   1 V C   0.999  0.000  0.000
   2 S C   0.984  0.008  0.008
   3 C C   0.966  0.030  0.004
   4 E C   0.971  0.026  0.002
   5 D C   0.968  0.029  0.003
   6 C C   0.986  0.013  0.001
   7 P C   0.872  0.127  0.001
   8 E C   0.742  0.252  0.006
   9 H C   0.680  0.295  0.026
  10 C C   0.681  0.292  0.027
  11 S C   0.757  0.223  0.021
  12 T C   0.830  0.153  0.017
  13 Q C   0.878  0.110  0.012
  14 K C   0.889  0.082  0.029
  15 A C   0.844  0.068  0.088
  16 Q C   0.708  0.074  0.218
  17 A C   0.641  0.056  0.303
  18 K C   0.484  0.052  0.464
  19 C C   0.483  0.037  0.481
  20 D C   0.644  0.029  0.327
  21 N C   0.965  0.010  0.025
  22 D C   0.951  0.009  0.040
  23 K E   0.483  0.010  0.507
  24 C E   0.340  0.004  0.656
  25 V E   0.226  0.004  0.770
  26 C E   0.245  0.003  0.751
  27 E C   0.598  0.001  0.401
  28 P C   0.815  0.001  0.184
  29 I C   0.999  0.000  0.001
